 1 1 0
 1 2 1
 1 3 0
 1 4 1
 1 5 0
 1 6 0
 1 7 0
 1 8 1
 1 9 0
 1 10 0
 1 11 0
 1 12 0
 1 13 0
 1 14 0
 1 15 0
 1 16 1
 1 17 0
 1 18 1
 1 19 0
 1 20 0
 1 21 1
 2 1 0
 2 2 0
 2 3 0
 2 4 0
 2 5 0
 2 6 1
 2 7 1
 2 8 0
 2 9 0
 2 10 0
 2 11 0
 2 12 0
 2 13 0
 2 14 0
 2 15 0
 2 16 0
 2 17 0
 2 18 0
 2 19 0
 2 20 0
 2 21 1
 3 1 1
 3 2 1
 3 3 0
 3 4 1
 3 5 0
 3 6 1
 3 7 1
 3 8 1
 3 9 1
 3 10 1
 3 11 1
 3 12 1
 3 13 0
 3 14 1
 3 15 0
 3 16 0
 3 17 1
 3 18 1
 3 19 0
 3 20 1
 3 21 1
 4 1 1
 4 2 1
 4 3 0
 4 4 0
 4 5 0
 4 6 1
 4 7 0
 4 8 1
 4 9 0
 4 10 1
 4 11 1
 4 12 1
 4 13 0
 4 14 0
 4 15 0
 4 16 1
 4 17 1
 4 18 1
 4 19 0
 4 20 1
 4 21 1
 5 1 1
 5 2 1
 5 3 0
 5 4 0
 5 5 0
 5 6 1
 5 7 1
 5 8 1
 5 9 0
 5 10 1
 5 11 1
 5 12 0
 5 13 1
 5 14 1
 5 15 0
 5 16 1
 5 17 1
 5 18 1
 5 19 1
 5 20 1
 5 21 1
 6 1 0
 6 2 0
 6 3 0
 6 4 0
 6 5 0
 6 6 0
 6 7 0
 6 8 0
 6 9 0
 6 10 0
 6 11 0
 6 12 0
 6 13 0
 6 14 0
 6 15 0
 6 16 0
 6 17 0
 6 18 0
 6 19 0
 6 20 0
 6 21 1
 7 1 0
 7 2 1
 7 3 0
 7 4 0
 7 5 0
 7 6 1
 7 7 0
 7 8 0
 7 9 0
 7 10 0
 7 11 1
 7 12 1
 7 13 0
 7 14 1
 7 15 0
 7 16 0
 7 17 1
 7 18 1
 7 19 0
 7 20 0
 7 21 1
 8 1 0
 8 2 1
 8 3 0
 8 4 1
 8 5 0
 8 6 1
 8 7 1
 8 8 0
 8 9 0
 8 10 1
 8 11 1
 8 12 0
 8 13 0
 8 14 0
 8 15 0
 8 16 0
 8 17 0
 8 18 1
 8 19 0
 8 20 0
 8 21 1
 9 1 1
 9 2 1
 9 3 0
 9 4 0
 9 5 0
 9 6 1
 9 7 1
 9 8 1
 9 9 0
 9 10 1
 9 11 1
 9 12 1
 9 13 0
 9 14 1
 9 15 0
 9 16 1
 9 17 1
 9 18 1
 9 19 0
 9 20 0
 9 21 1
 10 1 1
 10 2 1
 10 3 1
 10 4 1
 10 5 1
 10 6 0
 10 7 0
 10 8 1
 10 9 0
 10 10 0
 10 11 1
 10 12 0
 10 13 1
 10 14 0
 10 15 1
 10 16 1
 10 17 1
 10 18 1
 10 19 1
 10 20 1
 10 21 0
 11 1 1
 11 2 1
 11 3 0
 11 4 0
 11 5 0
 11 6 0
 11 7 1
 11 8 0
 11 9 0
 11 10 0
 11 11 0
 11 12 0
 11 13 0
 11 14 0
 11 15 0
 11 16 0
 11 17 0
 11 18 0
 11 19 0
 11 20 0
 11 21 0
 12 1 0
 12 2 0
 12 3 0
 12 4 0
 12 5 0
 12 6 0
 12 7 1
 12 8 0
 12 9 0
 12 10 0
 12 11 0
 12 12 0
 12 13 0
 12 14 0
 12 15 0
 12 16 0
 12 17 0
 12 18 0
 12 19 0
 12 20 0
 12 21 1
 13 1 1
 13 2 1
 13 3 0
 13 4 0
 13 5 1
 13 6 0
 13 7 0
 13 8 0
 13 9 1
 13 10 0
 13 11 0
 13 12 0
 13 13 0
 13 14 1
 13 15 0
 13 16 0
 13 17 0
 13 18 1
 13 19 0
 13 20 0
 13 21 0
 14 1 0
 14 2 1
 14 3 0
 14 4 0
 14 5 0
 14 6 0
 14 7 1
 14 8 0
 14 9 0
 14 10 0
 14 11 0
 14 12 0
 14 13 0
 14 14 0
 14 15 0
 14 16 0
 14 17 0
 14 18 1
 14 19 0
 14 20 0
 14 21 1
 15 1 1
 15 2 1
 15 3 1
 15 4 1
 15 5 1
 15 6 1
 15 7 1
 15 8 1
 15 9 1
 15 10 1
 15 11 1
 15 12 1
 15 13 1
 15 14 1
 15 15 0
 15 16 1
 15 17 1
 15 18 1
 15 19 1
 15 20 1
 15 21 1
 16 1 1
 16 2 1
 16 3 0
 16 4 0
 16 5 0
 16 6 0
 16 7 0
 16 8 0
 16 9 0
 16 10 1
 16 11 0
 16 12 0
 16 13 0
 16 14 0
 16 15 0
 16 16 0
 16 17 0
 16 18 1
 16 19 0
 16 20 0
 16 21 0
 17 1 1
 17 2 1
 17 3 0
 17 4 1
 17 5 0
 17 6 0
 17 7 1
 17 8 0
 17 9 0
 17 10 0
 17 11 0
 17 12 0
 17 13 0
 17 14 0
 17 15 0
 17 16 0
 17 17 0
 17 18 0
 17 19 0
 17 20 0
 17 21 1
 18 1 1
 18 2 1
 18 3 1
 18 4 1
 18 5 1
 18 6 0
 18 7 1
 18 8 1
 18 9 1
 18 10 1
 18 11 1
 18 12 0
 18 13 1
 18 14 1
 18 15 1
 18 16 1
 18 17 0
 18 18 0
 18 19 1
 18 20 1
 18 21 1
 19 1 1
 19 2 1
 19 3 1
 19 4 0
 19 5 1
 19 6 0
 19 7 1
 19 8 0
 19 9 0
 19 10 1
 19 11 1
 19 12 0
 19 13 0
 19 14 1
 19 15 1
 19 16 0
 19 17 0
 19 18 1
 19 19 0
 19 20 1
 19 21 0
 20 1 1
 20 2 1
 20 3 0
 20 4 0
 20 5 0
 20 6 1
 20 7 0
 20 8 1
 20 9 0
 20 10 0
 20 11 1
 20 12 1
 20 13 0
 20 14 1
 20 15 1
 20 16 1
 20 17 1
 20 18 1
 20 19 0
 20 20 0
 20 21 1
 21 1 0
 21 2 1
 21 3 1
 21 4 1
 21 5 0
 21 6 1
 21 7 1
 21 8 1
 21 9 0
 21 10 0
 21 11 0
 21 12 1
 21 13 0
 21 14 1
 21 15 0
 21 16 0
 21 17 1
 21 18 1
 21 19 0
 21 20 1
 21 21 0
