"case" "physrec" "comply" "knowledge" "benefits" "barriers"
  205    1    1     .22       4       3
  210    0    0     .56       1       1
  213    1    0     .44       4       3
  218    0    0     .33       3       0
  229    1    1     .44       5       0
  231    0    1     .56       5       0
  233    0    0     .67       2       3
  239    1    1     .78       5       0
  253    1    1     .67       4       2
  255    1    0     .56       3       2
  257    1    0     .78       5       0
  259    1    0     .67       3       0
  264    1    0     .56       5       1
  265    0    0     .33       5       0
  271    0    0     .78       4       1
  272    1    1     .67       4       2
  292    0    1     .44       5       2
  299    0    0     .33       2       5
  301    0    0     .78       5       5
  305    1    0     .67       3       3
  306    0    0     .33       2       3
  311    0    0     .78       3       3
  317    1    1     .89       5       1
  319    1    0     .89       5       1
  320    1    0     .78       4       1
  321    1    0     .67       4       0
  323    0    0     .44       4       2
  324    1    1     .78       5       0
  330    0    0     .56       5       2
  331    1    1     .33       4       0
  332    1    1     .78       4       2
  333    1    1     .78       4       2
  342    1    0     .89       3       3
  343    1    0     .67       5       3
  347    1    1     .78       4       0
  349    1    0     .89       5       2
  352    1    1     .56       4       0
  370    0    0     .67       4       1
  371    0    0     .67       2       2
  372    1    1     .56       4       0
  378    1    0     .67       5       0
  383    1    1     .56       5       1
  385    1    1     .67       5       1
  386    1    0     .11       5       2
  393    1    1     .44       5       0
  395    1    1     .56       5       4
  398    1    1     .44       5       0
  410    1    0     .44       5       2
  414    1    0     .67       3       2
  416    0    0     .78       3       4
  418    1    1     .56       5       1
  422    0    0     .56       4       0
  428    1    1     .78       5       0
  430    1    1     .67       4       0
  431    1    1     .33       5       1
  432    1    1     .44       5       0
  437    1    1     .56       5       0
  445    1    1     .67       5       3
  446    0    1     .67       3       0
  447    0    0     .56       3       3
  450    1    0     .11       5       2
  458    0    0     .89       3       2
  469    1    1     .67       4       2
  488    1    0     .67       5       2
  499    0    1     .78       5       1
  520    1    0     .67       5       4
  524    1    0     .89       4       3
  525    1    0     .67       5       3
  533    1    1     .56       5       0
  534    1    1     .56       5       0
  536    0    0     .78       4       3
  544    0    0     .78       4       4
  547    1    1     .33       5       1
  553    1    0     .78       4       1
  557    1    0     .78       3       3
  559    0    0     .44       3       0
  564    0    0     .78       4       0
  566    0    0     .56       4       0
  569    0    0     .22       3       2
  571    1    1     .56       5       0
  576    1    1     .56       5       1
  577    0    0     .56       2       4
  578    1    1     .33       4       3
  589    1    0     .89       5       0
  591    1    1     .56       5       0
  596    0    0     .44       2       3
  598    0    1     .89       5       0
  603    1    1     .78       4       1
  610    0    0     .56       3       2
  615    1    1     .67       2       0
  619    1    1     .56       4       0
  628    1    1     .44       5       1
  640    0    0     .78       3       4
  642    0    0     .89       5       4
  646    1    1     .56       5       1
  652    1    1     .56       5       0
  653    1    1     .67       4       1
  659    1    0     .11       5       2
  660    1    0     .67       4       2
  663    1    0     .78       3       4
  664    0    0     .67       5       4
  669    1    0     .56       3       0
  673    1    1     .67       3       4
  677    0    1     .56       5       2
  685    1    0     .78       4       2
  687    0    0     .56       3       2
  694    1    1     .56       4       0
  701    1    0     .78       5       0
  719    1    0     .67       5       0
  720    1    0     .33       4       1
  724    1    0     .67       5       2
  726    1    1     .78       4       2
  729    1    1     .89       4       2
  730    1    1     .67       5       2
  732    1    1     .44       5       1
  751    0    0     .67       5       2
  755    0    0     .67       5       0
  757    1    1     .44       5       3
  762    1    1     .56       4       0
  766    0    0     .67       1       4
  769    1    1     .44       5       0
  771    0    0     .78       2       3
  775    0    0     .89       5       0
  789    1    0     .67       5       2
  796    1    1     .67       4       2
  799    1    0     .22       5       0
  801    1    0     .78       5       2
  805    1    0     .56       5       0
  807    1    1     .22       5       0
  810    1    1     .67       5       2
  812    0    0     .89       2       2
  815    1    0     .67       4       1
  818    1    0     .33       4       1
  822    1    1     .44       5       0
  825    1    1     .78       5       0
  828    1    1     .56       5       0
  829    1    1     .44       5       0
  842    1    0     .56       2       1
  844    0    0     .44       0       5
  846    1    1     .56       5       0
  851    0    0     .67       5       2
  863    1    1     .67       4       1
  865    0    0     .89       4       2
  875    0    1     .67       4       0
  888    1    1     .67       5       0
  891    1    1     .44       5       0
  895    1    1     .44       5       1
  896    1    1     .67       3       1
  897    1    1     .67       5       1
  902    1    1     .89       5       0
  951    1    0     .56       3       1
  954    1    1     .67       5       0
  958    0    0     .67       4       1
  961    0    0     .44       3       4
 1003    1    0     .56       4       4
 1004    1    0     .44       5       2
 1010    0    0     .56       4       3
 1029    0    0     .78       4       2
 1030    1    1     .78       5       0
 1035    1    1     .89       5       1
 1076    0    0     .78       5       1
 1091    1    1     .78       5       0
 1095    1    1     .56       3       0
 1098    1    0     .67       4       1
